Properties	AccNo	A	R	N	D	C	Q	E	G	H	I	L	K	M	F	P	S	T	W	Y	V
Hydrophobicity	EISD840101	0.25	-1.76	-0.64	-0.72	0.04	-0.69	-0.62	0.16	-0.4	0.73	0.53	-1.1	0.26	0.61	-0.07	-0.26	-0.18	0.37	0.02	0.54
Hydrophilicity	HOPT810101	-0.5	3	0.2	3	-1	0.2	3	0	-0.5	-1.8	-1.8	3	-1.3	-2.5	0	0.3	-0.4	-3.4	-2.3	-1.5
StericHinderance	CHAM810101	0.52	0.68	0.76	0.76	0.62	0.68	0.68	0	0.7	1.02	0.98	0.68	0.78	0.7	0.36	0.53	0.5	0.7	0.7	0.76
Solvation	EISD860101	0.67	-2.1	-0.6	-1.2	0.38	-0.22	-0.76	0	0.64	1.9	1.9	-0.57	2.4	2.3	1.2	0.01	0.52	2.6	1.6	1.5
Hydropathy	KYTJ820101	1.8	-4.5	-3.5	-3.5	2.5	-3.5	-3.5	-0.4	-3.2	4.5	3.8	-3.9	1.9	2.8	-1.6	-0.8	-0.7	-0.9	-1.3	4.2
Amphiphilicity	MITS020101	0	2.45	0	0	0	1.25	1.27	0	1.45	0	0	3.67	0	0	0	0	0	6.93	5.06	0
Size	DAWD720101	2.5	7.5	5	2.5	3	6	5	0.5	6	5.5	5.5	7	6	6.5	5.5	3	5	7	7	5
Polarity	GRAR740102	8.1	10.5	11.6	13	5.5	10.5	12.3	9	10.4	5.2	4.9	11.3	5.7	5.2	8	9.2	8.6	5.4	6.2	5.9
ResidueVolume	BIGC670101	52.6	109.1	75.7	68.4	68.3	89.7	84.7	36.3	91.9	102	102	105.1	97.7	113.9	73.6	54.9	71.2	135.4	116.2	85.1
Hydrogen	FAUJ880101	1.28	2.34	1.6	1.6	1.77	1.56	1.56	0	2.99	4.19	2.59	1.89	2.35	2.94	2.67	1.31	3.03	3.21	2.94	3.67
NetCharge	KLEP840101	0	1	0	-1	0	0	-1	0	0	0	0	1	0	0	0	0	0	0	0	0
Weight	FASG890101	-0.21	2.11	0.96	1.36	-6.04	1.52	2.3	0	-1.23	-4.81	-4.68	3.88	-3.66	-4.65	0.75	1.74	0.78	-3.32	-1.01	-3.5
PositiveCharge	FAUJ880111	0	1	0	0	0	0	0	0	1	0	0	1	0	0	0	0	0	0	0	0
NegativeCharge	FAUJ880112	0	0	0	1	0	0	1	0	0	0	0	0	0	0	0	0	0	0	0	0